// data is hardcoded here because jupyternotebook does not support loading html with async javascript. 
// we we will use load data from file for the file report which will be on web instead of jupyter notebook
var jobState = [{'y': ['8001_', '8002_', '8003_', '8004_', '8005_', '8006_', '8008_', '8032_', '8037_', '8038_', '8041_', '8044_', '8045_', '8046_', '8047_', '8048_', '8049_', '8050_', '8051_', '8052_', '8053_', '8055_', '8057_', '8064_', 'Zurich_'], 'x': ['%JobState_Angestellt', '%JobState_Arbeitslos', '%JobState_Hausfrau', '%JobState_Rentner', '%JobState_Selbstständig', '%JobState_Student', '%JobState_Unknown'], 'z': [[62.37337192474674, 0.4341534008683068, 1.0130246020260492, 12.445730824891461, 9.985528219971057, 4.486251808972503, 9.261939218523878], [67.7950594693504, 0.0, 1.3723696248856359, 9.78956999085087, 4.757548032936871, 4.117108874656908, 12.168344007319305], [74.70988395358144, 0.2801120448179272, 0.3201280512204882, 4.161664665866347, 3.6014405762304924, 7.963185274109644, 8.96358543417367], [72.60974143114852, 0.6614552014431749, 0.6013229104028863, 4.930847865303668, 3.9085989176187614, 6.554419723391462, 10.733613950691522], [74.53326950694112, 0.5744375299186214, 0.47869794159885115, 2.967927237912877, 3.9731929152704644, 4.8827190043082815, 12.589755864049785], [66.32911392405063, 0.25316455696202533, 0.5907172995780591, 8.31223628691983, 4.810126582278481, 4.641350210970464, 15.063291139240507], [67.09183673469387, 0.15306122448979592, 1.4285714285714286, 9.13265306122449, 7.244897959183674, 3.061224489795918, 11.887755102040817], [63.34231805929919, 0.1347708894878706, 1.302785265049416, 11.455525606469003, 6.738544474393531, 3.8185085354896677, 13.20754716981132], [68.92079666512274, 0.3242241778601204, 0.7874015748031497, 7.596109309865678, 3.0569708198239924, 5.4191755442334415, 13.895321908290875], [63.82770435633872, 0.2936857562408223, 1.5173764072442486, 14.243759177679882, 4.747919725893294, 3.1326480665687715, 12.236906510034263], [61.6262482168331, 1.2838801711840229, 1.9971469329529243, 18.1169757489301, 2.710413694721826, 2.5677603423680457, 11.697574893009985], [59.0454195535027, 0.23094688221709006, 2.2324865280985375, 13.08698999230177, 8.468052347959969, 3.5411855273287145, 13.394919168591224], [65.24644945697577, 0.5012531328320802, 2.0885547201336676, 8.939014202172096, 3.592314118629908, 4.427736006683375, 15.2046783625731], [66.77458518818293, 0.3642250101173614, 1.821125050586807, 12.909753136382031, 2.7114528530959126, 4.573047349251315, 10.84581141238365], [65.96360628618693, 0.1654259718775848, 1.943755169561621, 13.523573200992557, 2.5641025641025643, 3.3085194375516958, 12.531017369727047], [63.19947333772219, 0.4279131007241606, 1.0204081632653061, 13.429888084265965, 2.5016458196181697, 2.9295589203423305, 16.491112574061884], [61.759551349456714, 0.2103049421661409, 1.3669821240799158, 15.106905012267788, 4.556607080266386, 4.241149667017175, 12.758499824745881], [69.39294801890222, 0.3635041802980734, 1.2359142130134497, 9.56015994183933, 1.8538713195201746, 4.580152671755725, 13.013449654671028], [66.78794178794179, 0.8316008316008316, 1.9230769230769231, 16.995841995841996, 1.819126819126819, 2.858627858627859, 8.783783783783784], [67.41397288842545, 0.5735140771637122, 1.616266944734098, 12.825860271115745, 2.3983315954118876, 3.2846715328467155, 11.887382690302399], [56.907378335949765, 0.07849293563579278, 1.6483516483516483, 20.486656200941916, 6.279434850863423, 2.7472527472527473, 11.852433281004709], [71.04919460165434, 0.21767522855899, 1.262516325642142, 10.535481062255116, 3.134523291249456, 3.308663474096648, 10.491946016543316], [64.76149548775247, 0.3867640739149119, 1.2032660077352815, 11.431027073485174, 3.2660077352814785, 6.231198968629136, 12.720240653201547], [67.04119850187266, 0.0, 0.7490636704119851, 20.224719101123597, 2.6217228464419478, 4.868913857677903, 4.49438202247191], [66.81131196816392, 0.36196604716142416, 1.253122221751831, 10.935184793192498, 3.96892595571737, 4.368993692053681, 12.300495321959273]], 'ygap': 1, 'xgap': 2, 'colorbar': {'nticks': 12}, 'type': 'heatmap'}]


var civil = [{'y': ['8001_', '8002_', '8003_', '8004_', '8005_', '8006_', '8008_', '8032_', '8037_', '8038_', '8041_', '8044_', '8045_', '8046_', '8047_', '8048_', '8049_', '8050_', '8051_', '8052_', '8053_', '8055_', '8057_', '8064_', 'Zurich_'], 'x': ['%Civil_Geschieden', '%Civil_Getrennt', '%Civil_Ledig', '%Civil_Unknown', '%Civil_Verheiratet', '%Civil_Verwitwet'], 'z': [[5.354558610709117, 1.447178002894356, 60.78147612156295, 9.55137481910275, 17.945007235890014, 4.92040520984081], [3.293687099725526, 0.8234217749313815, 59.92680695333943, 12.076852698993596, 19.39615736505032, 4.483074107959744], [2.7611044417767108, 1.2004801920768307, 76.75070028011204, 8.883553421368548, 9.003601440576231, 1.4005602240896358], [2.8863499699338546, 0.8719182200841852, 74.29344558027661, 10.643415514131089, 9.04990980156344, 2.254960914010824], [3.063666826232647, 0.7180469123982767, 71.3738630923887, 12.494016275730015, 11.05792245093346, 1.292484442316898], [3.5443037974683542, 1.4345991561181435, 57.76371308016878, 15.10548523206751, 18.945147679324894, 3.2067510548523206], [5.612244897959184, 1.836734693877551, 56.683673469387756, 11.683673469387756, 20.459183673469386, 3.7244897959183674], [5.031446540880503, 2.11141060197664, 55.0314465408805, 13.02785265049416, 20.485175202156334, 4.3126684636118595], [3.4738304770727186, 1.760074108383511, 63.918480778138026, 13.80268642890227, 13.941639647985179, 3.1032885595182953], [4.992657856093979, 1.8600097895252081, 51.98237885462555, 12.236906510034263, 22.760646108663728, 6.167400881057269], [4.992867332382311, 1.1412268188302426, 42.796005706134096, 11.554921540656206, 31.38373751783167, 8.131241084165477], [4.772902232486528, 1.8475750577367205, 40.9545804464973, 13.625866050808314, 32.486528098537335, 6.312548113933795], [4.928989139515456, 2.3391812865497075, 53.21637426900585, 15.371762740183792, 20.30075187969925, 3.842940685045948], [5.422905706191825, 1.7401861594496155, 45.81141238365034, 10.805341966815055, 30.1902063941724, 6.0299473897207605], [4.011579818031431, 1.3647642679900744, 52.27460711331679, 12.655086848635236, 23.82133995037221, 5.87262200165426], [4.246214614878209, 1.9749835418038184, 51.57998683344305, 16.359447004608295, 20.243581303489137, 5.595786701777485], [5.012267788293025, 1.5071854188573433, 48.65054328776726, 12.793550648440238, 25.797406239046616, 6.2390466175955135], [4.50745183569611, 1.817520901490367, 54.67102871683024, 12.831697564521992, 21.846601235914214, 4.325699745547074], [7.120582120582121, 2.598752598752599, 46.67359667359668, 8.731808731808732, 27.18295218295218, 7.6923076923076925], [6.517205422314912, 1.9290928050052139, 49.47862356621481, 11.261730969760167, 24.661105318039624, 6.152241918665276], [7.849293563579278, 1.6483516483516483, 38.93249607535322, 11.852433281004709, 32.26059654631083, 7.456828885400314], [4.397039616891598, 1.2189812799303439, 60.42664344797562, 10.579016107966913, 19.32956029603831, 4.048759251197214], [4.297378599054577, 1.8048990116029222, 55.39321014181349, 12.849162011173185, 20.41254834550924, 5.242801890846583], [8.614232209737828, 0.7490636704119851, 49.81273408239701, 4.119850187265918, 26.96629213483146, 9.737827715355806], [4.563735658947547, 1.6002709453452437, 56.301596037424325, 12.245459548706659, 20.61936412514288, 4.6695736844333435]], 'ygap': 1, 'xgap': 2, 'colorbar': {'nticks': 12}, 'type': 'heatmap'}]

var gender = [{'y': ['8001_', '8002_', '8003_', '8004_', '8005_', '8006_', '8008_', '8032_', '8037_', '8038_', '8041_', '8044_', '8045_', '8046_', '8047_', '8048_', '8049_', '8050_', '8051_', '8052_', '8053_', '8055_', '8057_', '8064_', 'Zurich_'], 'x': ['%Gender_M', '%Gender_Unknown', '%Gender_W'], 'z': [[46.02026049204052, 9.117221418234443, 44.862518089725036], [46.84354986276304, 11.985361390667887, 41.171088746569076], [44.53781512605042, 8.683473389355742, 46.778711484593835], [48.67708959711365, 10.252555622369213, 41.070354780517135], [50.07180469123983, 12.06318812829105, 37.86500718046912], [43.71308016877637, 14.89451476793249, 41.392405063291136], [42.60204081632653, 11.581632653061224, 45.816326530612244], [40.521114106019766, 12.848158131177, 46.63072776280323], [40.85224641037517, 13.66373320981936, 45.484020379805465], [42.143906020558006, 11.94322075379344, 45.91287322564855], [44.9358059914408, 11.269614835948644, 43.794579172610554], [45.11162432640493, 13.31793687451886, 41.570438799076214], [44.3609022556391, 15.121136173767752, 40.51796157059315], [48.28004856333468, 10.76487252124646, 40.95507891541886], [44.78908188585608, 12.324234904880067, 42.88668320926386], [45.22712310730744, 16.09611586570112, 38.67676102699144], [44.58464773922187, 12.688398177357168, 42.726954083420964], [47.400945110868776, 12.613595056343147, 39.985459832788074], [47.66112266112266, 8.316008316008316, 44.022869022869024], [47.08029197080292, 11.209593326381647, 41.71011470281543], [42.072213500784926, 11.773940345368917, 46.15384615384615], [44.971702220287334, 10.404875925119722, 44.62342185459295], [42.45810055865922, 12.59131929522991, 44.95058014611087], [50.93632958801498, 4.119850187265918, 44.943820224719104], [45.13568434867279, 12.021082934676771, 42.84323271665044]], 'ygap': 1, 'xgap': 2, 'colorbar': {'nticks': 12}, 'type': 'heatmap'}]
var own_Rent = 
[{'y': ['8001_', '8002_', '8003_', '8004_', '8005_', '8006_', '8008_', '8032_', '8037_', '8038_', '8041_', '8044_', '8045_', '8046_', '8047_', '8048_', '8049_', '8050_', '8051_', '8052_', '8053_', '8055_', '8057_', '8064_', 'Zurich_'], 'x': ['%Own/Rent_E', '%Own/Rent_M', '%Own/Rent_Unknown'], 'z': [[13.748191027496382, 83.3574529667149, 2.894356005788712], [10.521500457456542, 86.64226898444647, 2.8362305580969807], [3.401360544217687, 95.2781112444978, 1.3205282112845138], [3.698135898977751, 94.34756464221287, 1.9542994588093807], [7.659167065581618, 90.56965055050263, 1.7711823839157492], [10.675105485232068, 86.49789029535864, 2.827004219409283], [13.36734693877551, 84.38775510204081, 2.2448979591836733], [14.375561545372866, 83.28840970350404, 2.3360287511230906], [6.438165817508105, 91.38490041685965, 2.176933765632237], [10.376896720509055, 87.3225648556045, 2.3005384238864415], [9.985734664764623, 86.73323823109843, 3.2810271041369474], [28.406466512702078, 67.74441878367975, 3.849114703618168], [6.934001670843776, 91.64578111946533, 1.4202172096908938], [9.4293808174828, 88.83043302306758, 1.7401861594496155], [7.030603804797353, 90.73614557485526, 2.2332506203473947], [7.142857142857143, 91.70506912442396, 1.152073732718894], [15.807921486154925, 82.40448650543287, 1.7875920084121977], [6.906579425663395, 91.27589967284624, 1.817520901490367], [6.548856548856548, 92.20374220374221, 1.2474012474012475], [10.114702815432743, 88.32116788321167, 1.5641293013555788], [19.937205651491364, 76.0596546310832, 4.003139717425432], [6.443186765346104, 91.81541140618198, 1.74140182847192], [10.442629995702621, 87.06489041684573, 2.4924795874516543], [5.2434456928838955, 94.00749063670412, 0.7490636704119851], [9.631260319207485, 88.3070149443292, 2.0617247364633164]], 'ygap': 1, 'xgap': 2, 'colorbar': {'nticks': 12}, 'type': 'heatmap'}]
var Language = 
[{'y': ['8001_', '8002_', '8003_', '8004_', '8005_', '8006_', '8008_', '8032_', '8037_', '8038_', '8041_', '8044_', '8045_', '8046_', '8047_', '8048_', '8049_', '8050_', '8051_', '8052_', '8053_', '8055_', '8057_', '8064_', 'Zurich_'], 'x': ['%Lang_D', '%Lang_F', '%Lang_I'], 'z': [[97.53979739507959, 1.447178002894356, 1.0130246020260492], [96.06587374199451, 2.104300091491308, 1.829826166514181], [96.9187675070028, 1.4005602240896358, 1.680672268907563], [97.38424533974745, 1.2627781118460613, 1.3529765484064944], [97.79798946864528, 1.340354236476783, 0.861656294877932], [97.84810126582279, 1.2658227848101267, 0.8860759493670886], [96.42857142857143, 2.3469387755102042, 1.2244897959183674], [97.2596585804133, 1.5723270440251573, 1.1680143755615453], [98.56415006947661, 0.9263547938860583, 0.5094951366373321], [97.7484092021537, 1.2236906510034264, 1.0279001468428781], [98.00285306704707, 1.2838801711840229, 0.7132667617689016], [96.38183217859893, 2.6943802925327174, 0.9237875288683602], [98.07852965747702, 0.6683375104427736, 1.2531328320802004], [97.65277215702145, 0.8903278025091056, 1.4569000404694457], [98.09760132340777, 0.8684863523573201, 1.0339123242349049], [97.13627386438446, 0.9874917709019092, 1.8762343647136275], [98.31756046267087, 0.8762705923589205, 0.8061689449702067], [96.87386404943656, 1.4540167211922936, 1.6721192293711378], [97.34927234927235, 0.6756756756756757, 1.975051975051975], [97.49739311783108, 0.7820646506777894, 1.7205422314911365], [98.43014128728414, 1.3343799058084773, 0.23547880690737832], [98.12799303439269, 0.827165868524162, 1.0448410970831519], [97.4645466265578, 1.1602922217447358, 1.3751611516974644], [96.25468164794007, 1.4981273408239701, 2.247191011235955], [97.50433935904492, 1.2425384192032514, 1.253122221751831]], 'ygap': 1, 'xgap': 2, 'colorbar': {'nticks': 12}, 'type': 'heatmap'}]
var is_swiss = 
[{'y': ['8001_', '8002_', '8003_', '8004_', '8005_', '8006_', '8008_', '8032_', '8037_', '8038_', '8041_', '8044_', '8045_', '8046_', '8047_', '8048_', '8049_', '8050_', '8051_', '8052_', '8053_', '8055_', '8057_', '8064_', 'Zurich_'], 'x': ['%is_swiss_False', '%is_swiss_True'], 'z': [[17.076700434153402, 82.9232995658466], [23.970722781335773, 76.02927721866423], [19.407763105242097, 80.5922368947579], [22.669873722188814, 77.33012627781119], [23.12111057922451, 76.8788894207755], [23.29113924050633, 76.70886075949367], [24.081632653061224, 75.91836734693878], [22.41689128481581, 77.58310871518418], [22.742010189902732, 77.25798981009727], [22.711698482623593, 77.28830151737641], [26.533523537803138, 73.46647646219687], [24.32640492686682, 75.67359507313319], [24.06015037593985, 75.93984962406014], [24.564953460137595, 75.4350465398624], [22.41521918941274, 77.58478081058726], [28.472679394338382, 71.52732060566161], [19.94391868208903, 80.05608131791097], [28.353326063249728, 71.64667393675028], [27.13097713097713, 72.86902286902287], [28.467153284671532, 71.53284671532846], [22.52747252747253, 77.47252747252747], [19.416630387461908, 80.58336961253809], [23.205844434894715, 76.79415556510529], [19.850187265917604, 80.1498127340824], [23.580712078235468, 76.41928792176454]], 'ygap': 1, 'xgap': 2, 'colorbar': {'nticks': 12}, 'type': 'heatmap'}]

var numerical_data = [{'y': ['8001', '8002', '8003', '8004', '8005', '8006', '8008', '8021', '8022', '8024', '8027', '8031', '8032', '8034', '8036', '8037', '8038', '8040', '8041', '8042', '8044', '8045', '8046', '8047', '8048', '8049', '8050', '8051', '8052', '8053', '8055', '8057', '8064', '8098', 'Zurich'], 'x': ['Avg_Children_0-26', 'Avg_Car_Premium', 'Avg_num_cars', 'Avg_total_car_spending', 'Avg_property_premium', 'Avg_Age', 'Avg_Stand_of_furn', 'Avg_Rooms'], 'z': [[0.21656576774903688, 240.99306972609125, 0.20450023284365607, 8172.050294229711, 110386.64747470472, 48.702785656830784, 0.7990135896024724, 1.5657571652343254], [0.21656576774903688, 240.99306972609125, 0.20450023284365607, 8172.050294229711, 110386.64747470472, 48.702785656830784, 0.7990135896024724, 1.5657571652343254], [0.21656576774903688, 240.99306972609125, 0.20450023284365607, 8172.050294229711, 110386.64747470472, 48.702785656830784, 0.7990135896024724, 1.5657571652343254], [0.21656576774903688, 240.99306972609125, 0.20450023284365607, 8172.050294229711, 110386.64747470472, 48.702785656830784, 0.7990135896024724, 1.5657571652343254], [0.21656576774903688, 240.99306972609125, 0.20450023284365607, 8172.050294229711, 110386.64747470472, 48.702785656830784, 0.7990135896024724, 1.5657571652343254], [0.21656576774903688, 240.99306972609125, 0.20450023284365607, 8172.050294229711, 110386.64747470472, 48.702785656830784, 0.7990135896024724, 1.5657571652343254], [0.21656576774903688, 240.99306972609125, 0.20450023284365607, 8172.050294229711, 110386.64747470472, 48.702785656830784, 0.7990135896024724, 1.5657571652343254], [0.21656576774903688, 240.99306972609125, 0.20450023284365607, 8172.050294229711, 110386.64747470472, 48.702785656830784, 0.7990135896024724, 1.5657571652343254], [0.21656576774903688, 240.99306972609125, 0.20450023284365607, 8172.050294229711, 110386.64747470472, 48.702785656830784, 0.7990135896024724, 1.5657571652343254], [0.21656576774903688, 240.99306972609125, 0.20450023284365607, 8172.050294229711, 110386.64747470472, 48.702785656830784, 0.7990135896024724, 1.5657571652343254], [0.21656576774903688, 240.99306972609125, 0.20450023284365607, 8172.050294229711, 110386.64747470472, 48.702785656830784, 0.7990135896024724, 1.5657571652343254], [0.21656576774903688, 240.99306972609125, 0.20450023284365607, 8172.050294229711, 110386.64747470472, 48.702785656830784, 0.7990135896024724, 1.5657571652343254], [0.21656576774903688, 240.99306972609125, 0.20450023284365607, 8172.050294229711, 110386.64747470472, 48.702785656830784, 0.7990135896024724, 1.5657571652343254], [0.21656576774903688, 240.99306972609125, 0.20450023284365607, 8172.050294229711, 110386.64747470472, 48.702785656830784, 0.7990135896024724, 1.5657571652343254], [0.21656576774903688, 240.99306972609125, 0.20450023284365607, 8172.050294229711, 110386.64747470472, 48.702785656830784, 0.7990135896024724, 1.5657571652343254], [0.21656576774903688, 240.99306972609125, 0.20450023284365607, 8172.050294229711, 110386.64747470472, 48.702785656830784, 0.7990135896024724, 1.5657571652343254], [0.21656576774903688, 240.99306972609125, 0.20450023284365607, 8172.050294229711, 110386.64747470472, 48.702785656830784, 0.7990135896024724, 1.5657571652343254], [0.21656576774903688, 240.99306972609125, 0.20450023284365607, 8172.050294229711, 110386.64747470472, 48.702785656830784, 0.7990135896024724, 1.5657571652343254], [0.21656576774903688, 240.99306972609125, 0.20450023284365607, 8172.050294229711, 110386.64747470472, 48.702785656830784, 0.7990135896024724, 1.5657571652343254], [0.21656576774903688, 240.99306972609125, 0.20450023284365607, 8172.050294229711, 110386.64747470472, 48.702785656830784, 0.7990135896024724, 1.5657571652343254], [0.21656576774903688, 240.99306972609125, 0.20450023284365607, 8172.050294229711, 110386.64747470472, 48.702785656830784, 0.7990135896024724, 1.5657571652343254], [0.21656576774903688, 240.99306972609125, 0.20450023284365607, 8172.050294229711, 110386.64747470472, 48.702785656830784, 0.7990135896024724, 1.5657571652343254], [0.21656576774903688, 240.99306972609125, 0.20450023284365607, 8172.050294229711, 110386.64747470472, 48.702785656830784, 0.7990135896024724, 1.5657571652343254], [0.21656576774903688, 240.99306972609125, 0.20450023284365607, 8172.050294229711, 110386.64747470472, 48.702785656830784, 0.7990135896024724, 1.5657571652343254], [0.21656576774903688, 240.99306972609125, 0.20450023284365607, 8172.050294229711, 110386.64747470472, 48.702785656830784, 0.7990135896024724, 1.5657571652343254], [0.21656576774903688, 240.99306972609125, 0.20450023284365607, 8172.050294229711, 110386.64747470472, 48.702785656830784, 0.7990135896024724, 1.5657571652343254], [0.21656576774903688, 240.99306972609125, 0.20450023284365607, 8172.050294229711, 110386.64747470472, 48.702785656830784, 0.7990135896024724, 1.5657571652343254], [0.21656576774903688, 240.99306972609125, 0.20450023284365607, 8172.050294229711, 110386.64747470472, 48.702785656830784, 0.7990135896024724, 1.5657571652343254], [0.21656576774903688, 240.99306972609125, 0.20450023284365607, 8172.050294229711, 110386.64747470472, 48.702785656830784, 0.7990135896024724, 1.5657571652343254], [0.21656576774903688, 240.99306972609125, 0.20450023284365607, 8172.050294229711, 110386.64747470472, 48.702785656830784, 0.7990135896024724, 1.5657571652343254], [0.21656576774903688, 240.99306972609125, 0.20450023284365607, 8172.050294229711, 110386.64747470472, 48.702785656830784, 0.7990135896024724, 1.5657571652343254], [0.21656576774903688, 240.99306972609125, 0.20450023284365607, 8172.050294229711, 110386.64747470472, 48.702785656830784, 0.7990135896024724, 1.5657571652343254], [0.21656576774903688, 240.99306972609125, 0.20450023284365607, 8172.050294229711, 110386.64747470472, 48.702785656830784, 0.7990135896024724, 1.5657571652343254], [0.21656576774903688, 240.99306972609125, 0.20450023284365607, 8172.050294229711, 110386.64747470472, 48.702785656830784, 0.7990135896024724, 1.5657571652343254], [0.21656576774903688, 240.99306972609125, 0.20450023284365607, 8172.050294229711, 110386.64747470472, 48.702785656830784, 0.7990135896024724, 1.5657571652343254]], 'ygap': 1, 'xgap': 2, 'colorbar': {'nticks': 12}, 'type': 'heatmap'}]

const datasets = {"JobState": jobState, 'Civil': civil, 'Gender': gender, 'Rent/Own': own_Rent, 'Language': Language, 'Is_Swiss': is_swiss}



function addBtn(key, parent, data) {
  var btn = document.createElement("BUTTON");
  var t = document.createTextNode(key);
  btn.appendChild(t);
  btn.onclick = ()=>{
    Plotly.newPlot('heatmap', datasets[key]);
  };
  parent.appendChild(btn);
}

document.addEventListener("DOMContentLoaded", function(event) {
  var dataPicker = document.getElementById("dataset-picker")
  var counter = 0
  for (var key in datasets){
      addBtn(key, dataPicker)
      if (counter == 0) {
        Plotly.newPlot('heatmap', datasets[key]);
        counter += 1
      }
    }
});
